[SETTINGS]
WIDTH=0.800000011920929
LENGTH=1.39999997615814

