[SETTINGS]
WIDTH=0.769026875495911
LENGTH=1.1322865486145

