[DASH_CAM]
POS=0.330737,1.1949,-0.298159
EXP=29
